# ValeurAna_Ug;ValeurAna_Ur
0;0
0;0
0;0
0;0
0;0
0;0
0;0
0;0
0;0
0;0
0;0
0;0
0;0
0;0
0;0
0;0
0;0
0;0
0;0
1;0
2;0
5;0
22;0
35;0
51;0
67;0
81;0
92;0
104;0
112;0
119;0
126;0
133;0
142;0
151;0
153;0
155;0
166;0
185;0
194;0
202;0
210;0
222;0
224;0
234;0
244;0
248;0
251;0
257;0
266;0
274;0
284;0
291;0
295;0
299;0
305;0
313;0
316;0
319;0
322;0
327;1
329;1
331;1
333;3
335;3
337;4
338;5
340;5
341;6
341;6
342;7
343;7
345;7
346;9
347;9
349;10
351;11
353;12
354;13
355;14
357;15
358;16
360;16
362;17
365;19
367;21
369;23
369;22
368;23
368;23
369;23
368;22
368;22
368;22
371;24
373;25
375;27
376;29
378;29
381;31
381;32
384;33
386;35
387;36
391;39
396;43
397;45
402;48
404;50
412;56
412;56
418;61
429;70
436;77
448;87
451;89
460;98
472;109
490;124
539;168
612;233
790;397
871;472
912;511
958;556
1009;603
1013;606
1013;605
1015;608
1015;607
1012;605
1008;601
1010;603
1009;603
1009;603
1012;604
1011;604
1011;604
1012;604
1011;604
1010;603
1010;604
1010;602
1011;604
1011;604
1011;604
1012;605
1008;602
1004;599
1008;601
1008;601
